
//多多二代表情灯二进制编码 1亮0灭
//默认
"00000000,00011100,00011100,00011100,00000000,01100000,01100000,00000000,00000000,00011100,00011100,00011100,00000000,01100000,01100000,00000000";
//美元
"00000000,00001000,00011110,00101000,00011100,00001010,00111100,00001000,00000000,00010000,00111100,01010000,00111000,00010100,01111000,00010000";
//人民币
"00000000,01000100,00101000,01111100,00010000,01111100,00010000,00010000,00000000,00100010,00010100,00111110,00001000,00111110,00001000,00001000";
//多特币
"00000000,00111100,01000010,01010010,01010010,00010010,00111100,00000000,00000000,00111100,01000010,01010010,01010010,00010010,00111100,00000000";
//开心
"00000000,00011000,00111100,00110110,00100010,00000000,00000000,00000000,00000000,00011000,00111100,01101100,01000100,00000000,00000000,00000000";
//期待
"00000000,00011000,00100100,01011010,01011010,00100100,00011000,00000000,00000000,00011000,00100100,01011010,01011010,00100100,00011000,00000000";
//惊讶
"00000000,00011000,00111100,00100100,00111100,00011000,00000000,00000000,00000000,00011000,00111100,00100100,00111100,00011000,00000000,00000000";
//无语
 "00000000,00000000,00111100,01111110,00111100,00000000,00000000,00000000,00000000,00000000,00111100,01111110,00111100,00000000,00000000,00000000";
//比特币
"00000000,00010100,00111100,00010010,00011100,00010010,00111100,00010100,00000000,00101000,01111000,00100100,00111000,00100100,01111000,00101000";
//可爱
"00000000,00100000,00010000,00001000,00111000,01000000,00000000,00000000,00000000,00011000,00100100,00111100,00100100,00011000,00000000,00000000";
//搞怪
"00000000,00010000,00011000,00001100,00001100,00001100,00011000,00010000,00000000,00001000,00011000,00110000,00110000,00110000,00011000,00001000";
//晕
"00000000,00000000,00011100,00100000,00101100,00100100,00111100,00000000,00000000,00000000,00011100,00100000,00101100,00100100,00111100,00000000";

